S1 -> S1 + S1; k1*S1
S0 + S2 -> S2; k2*S0*S2
S0 + S1 -> S0 + S0; k3*S0*S1
k1 = 46.94749599570149
k2 = 40.28887039661529
k3 = 12.238322055832931
S0 = 1.0
S1 = 5.0
S2 = 9.0

#fitness: 0.05456884328792863