S1 + S2 -> S1 + S1; k1*S1*S2
S2 -> S2 + S2; k2*S2
S0 + S1 -> S0; k3*S0*S1
k1 = 6.283813472798222
k2 = 85.98223538628433
k3 = 74.66019687359545
S0 = 1.0
S1 = 5.0
S2 = 9.0

#fitness: 0.06032770358873994