S1 -> S1 + S1; k1*S1
S0 + S2 -> S2; k2*S0*S2
S0 + S1 -> S0 + S0; k3*S0*S1
k1 = 9.244194627973062
k2 = 28.304909842886353
k3 = 17.912627479529956
S0 = 1.0
S1 = 5.0
S2 = 9.0

#fitness: 0.016312352291302134