S1 + S2 -> S1 + S1; k1*S1*S2
S2 -> S2 + S2; k2*S2
S0 + S1 -> S0; k3*S0*S1
k1 = 2.6408680776295013
k2 = 48.893939551572466
k3 = 17.800145655063385
S0 = 1.0
S1 = 5.0
S2 = 9.0

#fitness: 0.07236086765083141