S1 + S2 -> S1 + S1; k1*S1*S2
S0 + S1 -> S0; k2*S0*S1
S2 -> S2 + S2; k3*S2
k1 = 2.655545968170003
k2 = 18.80307310876013
k3 = 38.68716421725056
S0 = 1.0
S1 = 5.0
S2 = 9.0

#fitness: 0.05029772433873347