S0 + S1 -> S1; k1*S0*S1
S2 -> S2 + S2; k2*S2
S0 + S2 -> S0 + S0; k3*S0*S2
k1 = 66.75178092293633
k2 = 39.68500405753703
k3 = 10.031572388264562
S0 = 1.0
S1 = 5.0
S2 = 9.0

#fitness: 0.010435336778816529