S1 + S2 -> S1 + S1; k1*S1*S2
S2 -> S2 + S2; k2*S2
S0 + S1 -> S0; k3*S0*S1
k1 = 13.591216838216413
k2 = 188.1164832071713
k3 = 9.279139647564966
S0 = 1.0
S1 = 5.0
S2 = 9.0

#fitness: 0.021808535998887924