S1 -> S1 + S1; k1*S1
S0 + S2 -> S2; k2*S0*S2
S0 + S1 -> S0 + S0; k3*S0*S1
k1 = 27.65273178312189
k2 = 70.8326933798982
k3 = 44.50323174807084
S0 = 1.0
S1 = 5.0
S2 = 9.0

#fitness: 0.01851824967829472