S0 + S1 -> S1; k1*S0*S1
S2 -> S2 + S2; k2*S2
S0 + S2 -> S0 + S0; k3*S0*S2
k1 = 32.64194432328544
k2 = 39.24800829658901
k3 = 12.548860453891374
S0 = 1.0
S1 = 5.0
S2 = 9.0

#fitness: 0.016637236734535477