S0 -> S0 + S0; k1*S0
S0 + S1 -> S1 + S1; k2*S0*S1
S1 + S2 -> S2; k3*S1*S2
k1 = 59.10246615546908
k2 = 34.36012885812898
k3 = 35.95092251537156
S0 = 1.0
S1 = 5.0
S2 = 9.0

#fitness: 0.013022429208324193