S1 + S2 -> S1 + S1; k1*S1*S2
S2 -> S2 + S2; k2*S2
S0 + S1 -> S0; k3*S0*S1
k1 = 6.0796971996065405
k2 = 74.46675291257634
k3 = 87.18851000938147
S0 = 1.0
S1 = 5.0
S2 = 9.0

#fitness: 0.06168487321398954