S0 + S1 -> S1; k1*S0*S1
S2 -> S2 + S2; k2*S2
S0 + S2 -> S0 + S0; k3*S0*S2
k1 = 76.90525871412297
k2 = 30.2099490335393
k3 = 16.118414739417815
S0 = 1.0
S1 = 5.0
S2 = 9.0

#fitness: 0.035324864331638124