S1 + S2 -> S1 + S1; k1*S1*S2
S2 -> S2 + S2; k2*S2
S0 + S1 -> S0; k3*S0*S1
k1 = 5.962620616590088
k2 = 83.4933154610367
k3 = 78.33367361600892
S0 = 1.0
S1 = 5.0
S2 = 9.0

#fitness: 0.13635840486417766