S1 -> S1 + S1; k1*S1
S0 + S1 -> S0 + S0; k2*S0*S1
S0 + S2 -> S2; k3*S0*S2
k1 = 39.838358919228355
k2 = 17.82024171064435
k3 = 42.2071977239699
S0 = 1.0
S1 = 5.0
S2 = 9.0

#fitness: 0.06380751536276769