S1 + S2 -> S1 + S1; k1*S1*S2
S2 -> S2 + S2; k2*S2
S0 + S1 -> S0; k3*S0*S1
k1 = 6.898963367122739
k2 = 167.0287067535962
k3 = 13.559755637406885
S0 = 1.0
S1 = 5.0
S2 = 9.0

#fitness: 0.047033275544340995