S1 + S2 -> S1 + S1; k1*S1*S2
S2 -> S2 + S2; k2*S2
S0 + S1 -> S0; k3*S0*S1
k1 = 7.088789751125325
k2 = 129.36358909691972
k3 = 57.925210798612774
S0 = 1.0
S1 = 5.0
S2 = 9.0

#fitness: 0.062334866782978116