S1 + S2 -> S1 + S1; k1*S1*S2
S2 -> S2 + S2; k2*S2
S0 + S1 -> S0; k3*S0*S1
k1 = 1.6301572202286092
k2 = 23.444806851203868
k3 = 33.851832482019404
S0 = 1.0
S1 = 5.0
S2 = 9.0

#fitness: 0.09681366770075324