S1 + S2 -> S1 + S1; k1*S1*S2
S2 -> S2 + S2; k2*S2
S0 + S1 -> S0; k3*S0*S1
k1 = 2.927822268790979
k2 = 59.91887303683113
k3 = 16.367944050482006
S0 = 1.0
S1 = 5.0
S2 = 9.0

#fitness: 0.061987161783352916