S1 + S2 -> S1 + S1; k1*S1*S2
S2 -> S2 + S2; k2*S2
S0 + S1 -> S0; k3*S0*S1
k1 = 9.548912806704354
k2 = 166.24636160352222
k3 = 49.614467075281695
S0 = 1.0
S1 = 5.0
S2 = 9.0

#fitness: 0.058028894013865746