S0 + S2 -> S0; k1*S0*S2
S1 -> S1 + S1; k2*S1
S1 + S2 -> S2 + S2; k3*S1*S2
k1 = 41.16836866802201
k2 = 20.07430339547606
k3 = 2.521669107772033
S0 = 1.0
S1 = 5.0
S2 = 9.0

#fitness: 0.08453458772662331