S1 + S2 -> S1 + S1; k1*S1*S2
S2 -> S2 + S2; k2*S2
S0 + S1 -> S0; k3*S0*S1
k1 = 20.12474896520427
k2 = 346.00795675603223
k3 = 39.66730740172492
S0 = 1.0
S1 = 5.0
S2 = 9.0

#fitness: 0.03053748770124287