S1 + S2 -> S1 + S1; k1*S1*S2
S2 -> S2 + S2; k2*S2
S0 + S1 -> S0; k3*S0*S1
k1 = 10.636579203881249
k2 = 172.8562577105519
k3 = 10.859321473100726
S0 = 1.0
S1 = 5.0
S2 = 9.0

#fitness: 0.023344074732899803