S1 + S2 -> S1 + S1; k1*S1*S2
S2 -> S2 + S2; k2*S2
S0 + S1 -> S0; k3*S0*S1
k1 = 2.7900929783469253
k2 = 59.87122833393679
k3 = 16.844081184225338
S0 = 1.0
S1 = 5.0
S2 = 9.0

#fitness: 0.07584758444035306