S1 -> S1 + S1; k1*S1
S0 + S2 -> S2; k2*S0*S2
S0 + S1 -> S0 + S0; k3*S0*S1
k1 = 33.340905784061746
k2 = 37.85188107145126
k3 = 23.80447354726774
S0 = 1.0
S1 = 5.0
S2 = 9.0

#fitness: 0.02682974306495502