S0 -> S0 + S0; k1*S0
S0 + S1 -> S1 + S1; k2*S0*S1
S1 + S2 -> S2; k3*S1*S2
k1 = 69.05158734803344
k2 = 16.18960552915645
k3 = 26.795979777347338
S0 = 1.0
S1 = 5.0
S2 = 9.0

#fitness: 0.01588646244070872