S1 -> S1 + S1; k1*S1
S0 + S2 -> S0; k2*S0*S2
S1 + S2 -> S2 + S2; k3*S1*S2
k1 = 28.866321492602268
k2 = 24.890194081853707
k3 = 1.8089735888563734
S0 = 1.0
S1 = 5.0
S2 = 9.0

#fitness: 0.06726301514000008