S1 -> S1 + S1; k1*S1
S0 + S2 -> S0; k2*S0*S2
S1 + S2 -> S2 + S2; k3*S1*S2
k1 = 25.60207544362952
k2 = 72.37786542252202
k3 = 5.395385263358373
S0 = 1.0
S1 = 5.0
S2 = 9.0

#fitness: 0.013137748282550517