S1 + S2 -> S1 + S1; k1*S1*S2
S2 -> S2 + S2; k2*S2
S0 + S1 -> S0; k3*S0*S1
k1 = 2.764842456272424
k2 = 45.799321981957476
k3 = 17.458160635457425
S0 = 1.0
S1 = 5.0
S2 = 9.0

#fitness: 0.05184999604865223