S1 -> S1 + S1; k1*S1
S0 + S2 -> S2; k2*S0*S2
S0 + S1 -> S0 + S0; k3*S0*S1
k1 = 29.818042431307173
k2 = 42.72216770891856
k3 = 29.196586833626387
S0 = 1.0
S1 = 5.0
S2 = 9.0

#fitness: 0.018314930314842243