S0 -> S0 + S0; k1*S0
S0 + S1 -> S1 + S1; k2*S0*S1
S1 + S2 -> S2; k3*S1*S2
k1 = 64.69628250465237
k2 = 23.48658491591032
k3 = 22.593855272552364
S0 = 1.0
S1 = 5.0
S2 = 9.0

#fitness: 0.014238906456438535