S1 + S2 -> S1 + S1; k1*S1*S2
S2 -> S2 + S2; k2*S2
S0 + S1 -> S0; k3*S0*S1
k1 = 2.3423615958580113
k2 = 32.68828564145108
k3 = 21.488614027609863
S0 = 1.0
S1 = 5.0
S2 = 9.0

#fitness: 0.07969478085802577