S1 + S2 -> S1 + S1; k1*S1*S2
S2 -> S2 + S2; k2*S2
S0 + S1 -> S0; k3*S0*S1
k1 = 6.610907428031491
k2 = 125.99358620716364
k3 = 59.6637377069814
S0 = 1.0
S1 = 5.0
S2 = 9.0

#fitness: 0.0824243703531183