S1 + S2 -> S1 + S1; k1*S1*S2
S2 -> S2 + S2; k2*S2
S0 + S1 -> S0; k3*S0*S1
k1 = 2.71418011034435
k2 = 66.20931206129025
k3 = 16.787078650026867
S0 = 1.0
S1 = 5.0
S2 = 9.0

#fitness: 0.1111851524230259