S1 -> S1 + S1; k1*S1
S0 + S2 -> S2; k2*S0*S2
S0 + S1 -> S0 + S0; k3*S0*S1
k1 = 38.41853410181732
k2 = 32.34206331724704
k3 = 17.822312216570833
S0 = 1.0
S1 = 5.0
S2 = 9.0

#fitness: 0.0587058059625533