S1 -> S1 + S1; k1*S1
S0 + S2 -> S2; k2*S0*S2
S0 + S1 -> S0 + S0; k3*S0*S1
k1 = 39.814449979650405
k2 = 35.41267321452515
k3 = 16.850425069718654
S0 = 1.0
S1 = 5.0
S2 = 9.0

#fitness: 0.05641788861402918