S1 -> S1 + S1; k1*S1
S0 + S2 -> S2; k2*S0*S2
S0 + S1 -> S0 + S0; k3*S0*S1
k1 = 33.22669236449405
k2 = 38.155102329874545
k3 = 24.3553711587921
S0 = 1.0
S1 = 5.0
S2 = 9.0

#fitness: 0.02729944927625291