S1 -> S1 + S1; k1*S1
S0 + S2 -> S2; k2*S0*S2
S0 + S1 -> S0 + S0; k3*S0*S1
k1 = 43.38501363740974
k2 = 24.10790089495322
k3 = 14.403900001407983
S0 = 1.0
S1 = 5.0
S2 = 9.0

#fitness: 0.08157868130260232