S0 + S1 -> S1; k1*S0*S1
S2 -> S2 + S2; k2*S2
S0 + S2 -> S0 + S0; k3*S0*S2
k1 = 61.455061637138414
k2 = 30.35703101223704
k3 = 14.633793465945493
S0 = 1.0
S1 = 5.0
S2 = 9.0

#fitness: 0.034589963359705836