S1 + S2 -> S1 + S1; k1*S1*S2
S2 -> S2 + S2; k2*S2
S0 + S1 -> S0; k3*S0*S1
k1 = 9.961332199585057
k2 = 185.85493528791454
k3 = 48.10046791047418
S0 = 1.0
S1 = 5.0
S2 = 9.0

#fitness: 0.05073582340872165