S0 + S1 -> S1; k1*S0*S1
S2 -> S2 + S2; k2*S2
S0 + S2 -> S0 + S0; k3*S0*S2
k1 = 106.69182764733898
k2 = 46.2319325553991
k3 = 28.45134336735128
S0 = 1.0
S1 = 5.0
S2 = 9.0

#fitness: 0.026422263435777752