S0 -> S0 + S0; k1*S0
S0 + S2 -> S2 + S2; k2*S0*S2
S1 + S2 -> S1; k3*S1*S2
k1 = 31.32569198106517
k2 = 2.1704023406831032
k3 = 8.129167450345077
S0 = 1.0
S1 = 5.0
S2 = 9.0

#fitness: 0.03996096720711065