S0 + S1 -> S1; k1*S0*S1
S2 -> S2 + S2; k2*S2
S0 + S2 -> S0 + S0; k3*S0*S2
k1 = 37.13228535845847
k2 = 9.47493066320457
k3 = 7.294390059719023
S0 = 1.0
S1 = 5.0
S2 = 9.0

#fitness: 0.032034439068561564