S1 + S2 -> S1 + S1; k1*S1*S2
S0 + S1 -> S0; k2*S0*S1
S2 -> S2 + S2; k3*S2
k1 = 2.075247490025626
k2 = 27.2860338005925
k3 = 26.99849288088017
S0 = 1.0
S1 = 5.0
S2 = 9.0

#fitness: 0.07221383180739227