S0 + S1 -> S1; k1*S0*S1
S2 -> S2 + S2; k2*S2
S0 + S2 -> S0 + S0; k3*S0*S2
k1 = 57.33655013523927
k2 = 6.7643099393829775
k3 = 16.51867933183718
S0 = 1.0
S1 = 5.0
S2 = 9.0

#fitness: 0.014679086683425577