S0 + S2 -> S0; k1*S0*S2
S1 -> S1 + S1; k2*S1
S1 + S2 -> S2 + S2; k3*S1*S2
k1 = 42.067285732243654
k2 = 19.729721004827894
k3 = 2.7447558325462365
S0 = 1.0
S1 = 5.0
S2 = 9.0

#fitness: 0.05020470875490124