S1 + S2 -> S1 + S1; k1*S1*S2
S2 -> S2 + S2; k2*S2
S0 + S1 -> S0; k3*S0*S1
k1 = 3.5312880201963073
k2 = 87.74988466838667
k3 = 15.27006191868261
S0 = 1.0
S1 = 5.0
S2 = 9.0

#fitness: 0.055267448388786826