S0 + S1 -> S1; k1*S0*S1
S0 + S2 -> S0 + S0; k2*S0*S2
S2 -> S2 + S2; k3*S2
k1 = 79.08180221577126
k2 = 16.99283752400536
k3 = 29.383124690655226
S0 = 1.0
S1 = 5.0
S2 = 9.0

#fitness: 0.035680723876545715