S1 -> S1 + S1; k1*S1
S0 + S2 -> S2; k2*S0*S2
S0 + S1 -> S0 + S0; k3*S0*S1
k1 = 44.06548622015955
k2 = 31.877200099405304
k3 = 12.946870773005065
S0 = 1.0
S1 = 5.0
S2 = 9.0

#fitness: 0.0933476258982708