S1 -> S1 + S1; k1*S1
S0 + S2 -> S2; k2*S0*S2
S0 + S1 -> S0 + S0; k3*S0*S1
k1 = 49.64799085607127
k2 = 40.39240653019698
k3 = 10.745575364530211
S0 = 1.0
S1 = 5.0
S2 = 9.0

#fitness: 0.0831149845246162