S1 + S2 -> S1 + S1; k1*S1*S2
S2 -> S2 + S2; k2*S2
S0 + S1 -> S0; k3*S0*S1
k1 = 3.1899571736034007
k2 = 12.358501825123433
k3 = 79.3438563271087
S0 = 1.0
S1 = 5.0
S2 = 9.0

#fitness: 0.03988071643556269