S1 -> S1 + S1; k1*S1
S0 + S2 -> S0; k2*S0*S2
S1 + S2 -> S2 + S2; k3*S1*S2
k1 = 34.12500969021146
k2 = 21.745728574622675
k3 = 1.6768974482229482
S0 = 1.0
S1 = 5.0
S2 = 9.0

#fitness: 0.0530088797605707