S1 -> S1 + S1; k1*S1
S0 + S2 -> S0; k2*S0*S2
S1 + S2 -> S2 + S2; k3*S1*S2
k1 = 21.58742067536502
k2 = 37.87593384127703
k3 = 2.2835935653936303
S0 = 1.0
S1 = 5.0
S2 = 9.0

#fitness: 0.0560047820028885