S1 + S2 -> S1 + S1; k1*S1*S2
S2 -> S2 + S2; k2*S2
S0 + S1 -> S0; k3*S0*S1
k1 = 2.0551827607520297
k2 = 36.65385355919149
k3 = 21.863683137417013
S0 = 1.0
S1 = 5.0
S2 = 9.0

#fitness: 0.1039487069045264