S0 + S1 -> S1; k1*S0*S1
S0 + S2 -> S0 + S0; k2*S0*S2
S2 -> S2 + S2; k3*S2
k1 = 77.99439472810224
k2 = 15.162986615631157
k3 = 31.28899829324846
S0 = 1.0
S1 = 5.0
S2 = 9.0

#fitness: 0.03801362272135126