S2 -> S1 + S2; k1*S2
S0 + S1 -> S0; k2*S0*S1
S2 -> S1; k3*S2
k1 = 122.81897574784985
k2 = 31.522619084672
k3 = 1.6078952983722141
S0 = 1.0
S1 = 5.0
S2 = 9.0

#fitness: 0.009000901369788601