S0 -> S0 + S0; k1*S0
S0 + S2 -> S2 + S2; k2*S0*S2
S1 + S2 -> S1; k3*S1*S2
k1 = 23.174828685902565
k2 = 6.476043090350249
k3 = 28.786935628969676
S0 = 1.0
S1 = 5.0
S2 = 9.0

#fitness: 0.01750826164226433