S1 + S2 -> S1 + S1; k1*S1*S2
S2 -> S2 + S2; k2*S2
S0 + S1 -> S0; k3*S0*S1
k1 = 2.5991870447402645
k2 = 66.54361968852164
k3 = 16.958459824597075
S0 = 1.0
S1 = 5.0
S2 = 9.0

#fitness: 0.09163487938535035