S1 + S2 -> S1 + S1; k1*S1*S2
S2 -> S2 + S2; k2*S2
S0 + S1 -> S0; k3*S0*S1
k1 = 2.5160485306675837
k2 = 39.091492286547144
k3 = 19.584677694202398
S0 = 1.0
S1 = 5.0
S2 = 9.0

#fitness: 0.05241309309598583