S0 + S1 -> S1; k1*S0*S1
S2 -> S2 + S2; k2*S2
S0 + S2 -> S0 + S0; k3*S0*S2
k1 = 7.256226608109911
k2 = 23.833288900592358
k3 = 2.751711747392036
S0 = 1.0
S1 = 5.0
S2 = 9.0

#fitness: 0.034189638425960456