S1 + S2 -> S1 + S1; k1*S1*S2
S2 -> S2 + S2; k2*S2
S0 + S1 -> S0; k3*S0*S1
k1 = 5.193436978221768
k2 = 81.82749456927044
k3 = 86.77371314209857
S0 = 1.0
S1 = 5.0
S2 = 9.0

#fitness: 0.023596022528454656