S1 + S2 -> S1 + S1; k1*S1*S2
S2 -> S2 + S2; k2*S2
S0 + S1 -> S0; k3*S0*S1
k1 = 6.3753157841851404
k2 = 82.34683075054623
k3 = 77.50724918227421
S0 = 1.0
S1 = 5.0
S2 = 9.0

#fitness: 0.05426206747600841