S1 -> S1 + S1; k1*S1
S0 + S2 -> S2; k2*S0*S2
S0 + S1 -> S0 + S0; k3*S0*S1
k1 = 11.414944107643715
k2 = 20.845945862528882
k3 = 10.456201829994335
S0 = 1.0
S1 = 5.0
S2 = 9.0

#fitness: 0.02850997884573486