S1 -> S1 + S1; k1*S1
S0 + S2 -> S2; k2*S0*S2
S0 + S1 -> S0 + S0; k3*S0*S1
k1 = 28.015379536837905
k2 = 68.03171620401862
k3 = 44.75275404245104
S0 = 1.0
S1 = 5.0
S2 = 9.0

#fitness: 0.019417340123152983