S1 + S2 -> S1 + S1; k1*S1*S2
S2 -> S2 + S2; k2*S2
S0 + S1 -> S0; k3*S0*S1
k1 = 2.757305717353687
k2 = 56.371631600476334
k3 = 17.157471377830014
S0 = 1.0
S1 = 5.0
S2 = 9.0

#fitness: 0.06260118169474894