S1 + S2 -> S1 + S1; k1*S1*S2
S2 -> S2 + S2; k2*S2
S0 + S1 -> S0; k3*S0*S1
k1 = 7.8408100561094685
k2 = 161.34584073898492
k3 = 53.3997756265588
S0 = 1.0
S1 = 5.0
S2 = 9.0

#fitness: 0.05602899179019751