S0 -> S0 + S0; k1*S0
S0 + S2 -> S2 + S2; k2*S0*S2
S1 + S2 -> S1; k3*S1*S2
k1 = 77.2642830749193
k2 = 9.71809019087051
k3 = 47.764448854049085
S0 = 1.0
S1 = 5.0
S2 = 9.0

#fitness: 0.019627665333554898