S1 + S2 -> S1 + S1; k1*S1*S2
S2 -> S2 + S2; k2*S2
S0 + S1 -> S0; k3*S0*S1
k1 = 3.5496857721087256
k2 = 90.35709865938834
k3 = 15.258723346824803
S0 = 1.0
S1 = 5.0
S2 = 9.0

#fitness: 0.0655539656343774