S1 + S2 -> S1 + S1; k1*S1*S2
S2 -> S2 + S2; k2*S2
S0 + S1 -> S0; k3*S0*S1
k1 = 6.182540557664127
k2 = 82.28522863231595
k3 = 79.85033379617516
S0 = 1.0
S1 = 5.0
S2 = 9.0

#fitness: 0.06351829500174885