S1 -> S1 + S1; k1*S1
S0 + S2 -> S0; k2*S0*S2
S1 + S2 -> S2 + S2; k3*S1*S2
k1 = 17.683784198375285
k2 = 55.12058456088857
k3 = 2.990920578459443
S0 = 1.0
S1 = 5.0
S2 = 9.0

#fitness: 0.05063780519612407