S1 + S2 -> S1 + S1; k1*S1*S2
S2 -> S2 + S2; k2*S2
S0 + S1 -> S0; k3*S0*S1
k1 = 2.855711047340243
k2 = 94.26950468808235
k3 = 16.604842377065182
S0 = 1.0
S1 = 5.0
S2 = 9.0

#fitness: 0.08310691060819643