S0 + S1 -> S1; k1*S0*S1
S0 + S2 -> S0 + S0; k2*S0*S2
S2 -> S2 + S2; k3*S2
k1 = 28.512998808524976
k2 = 9.652026101444264
k3 = 49.390025567890596
S0 = 1.0
S1 = 5.0
S2 = 9.0

#fitness: 0.05108968278895472