S1 + S2 -> S1 + S1; k1*S1*S2
S2 -> S2 + S2; k2*S2
S0 + S1 -> S0; k3*S0*S1
k1 = 5.678202551359555
k2 = 75.59730752639668
k3 = 87.49742544317758
S0 = 1.0
S1 = 5.0
S2 = 9.0

#fitness: 0.39167181894768427