S0 -> S0 + S0; k1*S0
S0 + S1 -> S1 + S1; k2*S0*S1
S1 + S2 -> S2; k3*S1*S2
k1 = 9.256866638068088
k2 = 27.585862940847456
k3 = 27.92776989184706
S0 = 1.0
S1 = 5.0
S2 = 9.0

#fitness: 0.012161887978341846