S0 + S1 -> S0; k1*S0*S1
S1 + S2 -> S1 + S1; k2*S1*S2
S2 -> S2 + S2; k3*S2
k1 = 58.83770154307286
k2 = 7.858773969940241
k3 = 117.31681249690085
S0 = 1.0
S1 = 5.0
S2 = 9.0

#fitness: 0.051387591214963925