S0 -> S0 + S0; k1*S0
S0 + S1 -> S1 + S1; k2*S0*S1
S1 + S2 -> S2; k3*S1*S2
k1 = 72.00589581473334
k2 = 15.88256127480854
k3 = 19.479917252164846
S0 = 1.0
S1 = 5.0
S2 = 9.0

#fitness: 0.018755574948714333