S1 + S2 -> S1 + S1; k1*S1*S2
S2 -> S2 + S2; k2*S2
S0 + S1 -> S0; k3*S0*S1
k1 = 7.441626615976143
k2 = 144.70099976128512
k3 = 54.87211898736229
S0 = 1.0
S1 = 5.0
S2 = 9.0

#fitness: 0.05993052576051237