S1 + S2 -> S1 + S1; k1*S1*S2
S2 -> S2 + S2; k2*S2
S0 + S1 -> S0; k3*S0*S1
k1 = 12.623298743031858
k2 = 204.35391245508774
k3 = 44.79793424669367
S0 = 1.0
S1 = 5.0
S2 = 9.0

#fitness: 0.027400176091110777