S0 -> S0 + S0; k1*S0
S0 + S1 -> S1 + S1; k2*S0*S1
S1 + S2 -> S2; k3*S1*S2
k1 = 130.72947518667436
k2 = 6.501613651360901
k3 = 1.3400546313291362
S0 = 1.0
S1 = 5.0
S2 = 9.0

#fitness: 0.04775002610060076