S0 + S1 -> S1; k1*S0*S1
S2 -> S2 + S2; k2*S2
S0 + S2 -> S0 + S0; k3*S0*S2
k1 = 30.716501214779708
k2 = 45.4751711162109
k3 = 10.143510722219347
S0 = 1.0
S1 = 5.0
S2 = 9.0

#fitness: 0.050349091790857475