S1 -> S1 + S1; k1*S1
S0 + S2 -> S0; k2*S0*S2
S1 + S2 -> S2 + S2; k3*S1*S2
k1 = 21.50349831683608
k2 = 39.25135702368183
k3 = 2.585238656449374
S0 = 1.0
S1 = 5.0
S2 = 9.0

#fitness: 0.05401054399368935