S1 + S2 -> S1 + S1; k1*S1*S2
S2 -> S2 + S2; k2*S2
S0 + S1 -> S0; k3*S0*S1
k1 = 8.020256138192826
k2 = 147.91098162978784
k3 = 53.38292056201599
S0 = 1.0
S1 = 5.0
S2 = 9.0

#fitness: 0.05572527162076975