S1 + S2 -> S1 + S1; k1*S1*S2
S2 -> S2 + S2; k2*S2
S0 + S1 -> S0; k3*S0*S1
k1 = 3.38193713189102
k2 = 76.46677765686401
k3 = 15.549967389773032
S0 = 1.0
S1 = 5.0
S2 = 9.0

#fitness: 0.05379285216693334