S1 + S2 -> S1 + S1; k1*S1*S2
S2 -> S2 + S2; k2*S2
S0 + S1 -> S0; k3*S0*S1
k1 = 2.2462285637714277
k2 = 35.00077494069863
k3 = 21.059989107647997
S0 = 1.0
S1 = 5.0
S2 = 9.0

#fitness: 0.07860992129663089