S1 + S2 -> S1 + S1; k1*S1*S2
S2 -> S2 + S2; k2*S2
S0 + S1 -> S0; k3*S0*S1
k1 = 3.0455436425448057
k2 = 69.17993834303617
k3 = 16.103825890511484
S0 = 1.0
S1 = 5.0
S2 = 9.0

#fitness: 0.06881477560191007