S1 + S2 -> S1 + S1; k1*S1*S2
S2 -> S2 + S2; k2*S2
S0 + S1 -> S0; k3*S0*S1
k1 = 1.9291357113263115
k2 = 57.259810255939065
k3 = 19.849388099154954
S0 = 1.0
S1 = 5.0
S2 = 9.0

#fitness: 0.05425772318953447