S1 + S2 -> S1 + S1; k1*S1*S2
S2 -> S2 + S2; k2*S2
S0 + S1 -> S0; k3*S0*S1
k1 = 5.860299298154105
k2 = 113.66495429177125
k3 = 13.155291379608238
S0 = 1.0
S1 = 5.0
S2 = 9.0

#fitness: 0.02841225505479599