S1 + S2 -> S1 + S1; k1*S1*S2
S2 -> S2 + S2; k2*S2
S0 + S1 -> S0; k3*S0*S1
k1 = 2.001645699597587
k2 = 24.442908636868257
k3 = 29.554453321412616
S0 = 1.0
S1 = 5.0
S2 = 9.0

#fitness: 0.05254432524825925