S1 + S2 -> S1 + S1; k1*S1*S2
S2 -> S2 + S2; k2*S2
S0 + S1 -> S0; k3*S0*S1
k1 = 3.1741597297483595
k2 = 71.40273378545284
k3 = 15.901516836085218
S0 = 1.0
S1 = 5.0
S2 = 9.0

#fitness: 0.06019693950072855