S1 -> S1 + S1; k1*S1
S0 + S2 -> S0; k2*S0*S2
S1 + S2 -> S2 + S2; k3*S1*S2
k1 = 25.585072466803467
k2 = 28.29595524428333
k3 = 1.981006742963686
S0 = 1.0
S1 = 5.0
S2 = 9.0

#fitness: 0.22269088825899575