S0 -> S0 + S0; k1*S0
S0 + S2 -> S2 + S2; k2*S0*S2
S1 + S2 -> S1; k3*S1*S2
k1 = 33.74788719832614
k2 = 9.769433719159734
k3 = 23.811090797747855
S0 = 1.0
S1 = 5.0
S2 = 9.0

#fitness: 0.013095086401079798