S1 + S2 -> S1 + S1; k1*S1*S2
S2 -> S2 + S2; k2*S2
S0 + S1 -> S0; k3*S0*S1
k1 = 2.1145367480438786
k2 = 38.34536133285772
k3 = 21.575646362903576
S0 = 1.0
S1 = 5.0
S2 = 9.0

#fitness: 0.07413753817316814