S0 + S1 -> S1 + S1; k1*S0*S1
S1 + S2 -> S2 + S2; k2*S1*S2
S0 + S2 -> S0 + S0; k3*S0*S2
k1 = 13.334185724975887
k2 = 20.714640730407492
k3 = 42.58806420909876
S0 = 1.0
S1 = 5.0
S2 = 9.0

#fitness: 0.011139949756833837