S0 -> S0 + S0; k1*S0
S0 + S2 -> S2 + S2; k2*S0*S2
S1 + S2 -> S1; k3*S1*S2
k1 = 34.25139927626487
k2 = 2.5140951244320235
k3 = 5.9431624475932185
S0 = 1.0
S1 = 5.0
S2 = 9.0

#fitness: 0.033076816595993534