S1 -> S1 + S1; k1*S1
S0 + S2 -> S0; k2*S0*S2
S1 + S2 -> S2 + S2; k3*S1*S2
k1 = 117.9823986796983
k2 = 9.498306166694196
k3 = 5.725588660517391
S0 = 1.0
S1 = 5.0
S2 = 9.0

#fitness: 0.022819044298008018