S1 + S2 -> S1 + S1; k1*S1*S2
S2 -> S2 + S2; k2*S2
S0 + S1 -> S0; k3*S0*S1
k1 = 8.544073460559117
k2 = 169.64065022642697
k3 = 12.28689400442673
S0 = 1.0
S1 = 5.0
S2 = 9.0

#fitness: 0.02803746202365008