S0 + S1 -> S1; k1*S0*S1
S2 -> S2 + S2; k2*S2
S0 + S2 -> S0 + S0; k3*S0*S2
k1 = 18.961734690561265
k2 = 100.41820761385105
k3 = 7.621905378800511
S0 = 1.0
S1 = 5.0
S2 = 9.0

#fitness: 0.03007096312271534