S1 + S2 -> S1 + S1; k1*S1*S2
S0 + S1 -> S0; k2*S0*S1
S2 -> S2 + S2; k3*S2
k1 = 3.962166583204259
k2 = 6.77738826131869
k3 = 64.39021888031631
S0 = 1.0
S1 = 5.0
S2 = 9.0

#fitness: 0.013595873713090569