S1 + S2 -> S1 + S1; k1*S1*S2
S2 -> S2 + S2; k2*S2
S0 + S1 -> S0; k3*S0*S1
k1 = 6.330159936837281
k2 = 123.93262462659428
k3 = 61.322946327630945
S0 = 1.0
S1 = 5.0
S2 = 9.0

#fitness: 0.07960903907023899