S0 + S1 -> S1; k1*S0*S1
S2 -> S2 + S2; k2*S2
S0 + S2 -> S0 + S0; k3*S0*S2
k1 = 90.79936485600585
k2 = 29.07826484273231
k3 = 18.54270895947865
S0 = 1.0
S1 = 5.0
S2 = 9.0

#fitness: 0.034743587363357885