S1 + S2 -> S1 + S1; k1*S1*S2
S2 -> S2 + S2; k2*S2
S0 + S1 -> S0; k3*S0*S1
k1 = 4.974648961726997
k2 = 76.24142896826436
k3 = 63.31795780985028
S0 = 1.0
S1 = 5.0
S2 = 9.0

#fitness: 0.011397831778987969