S1 + S2 -> S1 + S1; k1*S1*S2
S2 -> S2 + S2; k2*S2
S0 + S1 -> S0; k3*S0*S1
k1 = 7.712714105357974
k2 = 140.15568313334347
k3 = 53.45923782811998
S0 = 1.0
S1 = 5.0
S2 = 9.0

#fitness: 0.019683978239733824