S0 + S1 -> S1; k1*S0*S1
S2 -> S2 + S2; k2*S2
S0 + S2 -> S0 + S0; k3*S0*S2
k1 = 63.09540450990954
k2 = 30.868924536386587
k3 = 14.192495050637364
S0 = 1.0
S1 = 5.0
S2 = 9.0

#fitness: 0.03420975557417153