S1 + S2 -> S1 + S1; k1*S1*S2
S2 -> S2 + S2; k2*S2
S0 + S1 -> S0; k3*S0*S1
k1 = 2.6659953555593834
k2 = 46.0072325523999
k3 = 18.03685312890564
S0 = 1.0
S1 = 5.0
S2 = 9.0

#fitness: 0.05409205420766575