S1 -> S1 + S1; k1*S1
S0 + S2 -> S2; k2*S0*S2
S0 + S1 -> S0 + S0; k3*S0*S1
k1 = 32.81487941656501
k2 = 38.99011832519834
k3 = 25.1883936453612
S0 = 1.0
S1 = 5.0
S2 = 9.0

#fitness: 0.028745228654975082