S1 + S2 -> S1 + S1; k1*S1*S2
S2 -> S2 + S2; k2*S2
S0 + S1 -> S0; k3*S0*S1
k1 = 1.8478877067351358
k2 = 23.50521660829484
k3 = 34.51059313433295
S0 = 1.0
S1 = 5.0
S2 = 9.0

#fitness: 0.05229031247185583