S1 -> S1 + S1; k1*S1
S0 + S2 -> S2; k2*S0*S2
S0 + S1 -> S0 + S0; k3*S0*S1
k1 = 39.39417288422807
k2 = 31.181429387815236
k3 = 16.550895708303003
S0 = 1.0
S1 = 5.0
S2 = 9.0

#fitness: 0.05378062309997355