S1 -> S1 + S1; k1*S1
S0 + S2 -> S2; k2*S0*S2
S0 + S1 -> S0 + S0; k3*S0*S1
k1 = 63.225589742114
k2 = 60.25782200498479
k3 = 30.259498417965254
S0 = 1.0
S1 = 5.0
S2 = 9.0

#fitness: 0.054609081662295715