S2 -> S1 + S2; k1*S2
S0 + S1 -> S0; k2*S0*S1
S2 -> S1; k3*S2
k1 = 77.77593149102226
k2 = 1.6060503401582311
k3 = 32.27663687774247
S0 = 1.0
S1 = 5.0
S2 = 9.0

#fitness: 0.009005847311235772