S1 + S2 -> S1 + S1; k1*S1*S2
S2 -> S2 + S2; k2*S2
S0 + S1 -> S0; k3*S0*S1
k1 = 11.773349170230595
k2 = 274.3422212536412
k3 = 44.82754988162458
S0 = 1.0
S1 = 5.0
S2 = 9.0

#fitness: 0.07953069590103207