S1 -> S1 + S1; k1*S1
S0 + S2 -> S0; k2*S0*S2
S1 + S2 -> S2 + S2; k3*S1*S2
k1 = 15.829523100866039
k2 = 122.78586315809032
k3 = 4.139668968995856
S0 = 1.0
S1 = 5.0
S2 = 9.0

#fitness: 0.06887255228671724