S1 -> S1 + S1; k1*S1
S0 + S2 -> S2; k2*S0*S2
S0 + S1 -> S0 + S0; k3*S0*S1
k1 = 13.701404180823381
k2 = 8.853519540936876
k3 = 5.263868977176398
S0 = 1.0
S1 = 5.0
S2 = 9.0

#fitness: 0.05321554420411767