S1 + S2 -> S1 + S1; k1*S1*S2
S2 -> S2 + S2; k2*S2
S0 + S1 -> S0; k3*S0*S1
k1 = 2.100423017755969
k2 = 29.870837586288648
k3 = 23.074044983914895
S0 = 1.0
S1 = 5.0
S2 = 9.0

#fitness: 0.06308967008234388