S1 + S2 -> S1 + S1; k1*S1*S2
S2 -> S2 + S2; k2*S2
S0 + S1 -> S0; k3*S0*S1
k1 = 5.2451613474054
k2 = 68.74980043170153
k3 = 100.58672524489678
S0 = 1.0
S1 = 5.0
S2 = 9.0

#fitness: 0.05625874332555102