S1 -> S1 + S1; k1*S1
S0 + S2 -> S2; k2*S0*S2
S0 + S1 -> S0 + S0; k3*S0*S1
k1 = 34.020709925657414
k2 = 52.694908788120465
k3 = 27.87159590069271
S0 = 1.0
S1 = 5.0
S2 = 9.0

#fitness: 0.03853354050280972