S0 + S1 -> S1; k1*S0*S1
S0 + S2 -> S0 + S0; k2*S0*S2
S2 -> S2 + S2; k3*S2
k1 = 38.87051890642069
k2 = 6.570705204466361
k3 = 10.16091192472651
S0 = 1.0
S1 = 5.0
S2 = 9.0

#fitness: 0.03956200190255508