S0 -> S0 + S0; k1*S0
S0 + S1 -> S1 + S1; k2*S0*S1
S1 + S2 -> S2; k3*S1*S2
k1 = 21.48458307077129
k2 = 11.420988444305085
k3 = 16.456572402628478
S0 = 1.0
S1 = 5.0
S2 = 9.0

#fitness: 0.016434784588487968