S0 -> S0 + S0; k1*S0
S0 + S2 -> S2 + S2; k2*S0*S2
S1 + S2 -> S1; k3*S1*S2
k1 = 26.063074967850124
k2 = 3.2930847889021826
k3 = 19.668074922250522
S0 = 1.0
S1 = 5.0
S2 = 9.0

#fitness: 0.02003722345318945