S1 + S2 -> S1 + S1; k1*S1*S2
S2 -> S2 + S2; k2*S2
S0 + S1 -> S0; k3*S0*S1
k1 = 2.268548046000243
k2 = 32.760102229081475
k3 = 21.72338706270742
S0 = 1.0
S1 = 5.0
S2 = 9.0

#fitness: 0.0921132497724278