S1 + S2 -> S1 + S1; k1*S1*S2
S2 -> S2 + S2; k2*S2
S0 + S1 -> S0; k3*S0*S1
k1 = 2.403032143630445
k2 = 32.93853609965388
k3 = 21.045103706121083
S0 = 1.0
S1 = 5.0
S2 = 9.0

#fitness: 0.05840263797849236