S0 + S1 -> S1; k1*S0*S1
S0 + S2 -> S0 + S0; k2*S0*S2
S2 -> S2 + S2; k3*S2
k1 = 67.41135290265245
k2 = 16.448782470117155
k3 = 28.4877172536728
S0 = 1.0
S1 = 5.0
S2 = 9.0

#fitness: 0.02839935034184467