S1 + S2 -> S1 + S1; k1*S1*S2
S2 -> S2 + S2; k2*S2
S0 + S1 -> S0; k3*S0*S1
k1 = 8.677716822217622
k2 = 128.47682791947943
k3 = 54.05590110737011
S0 = 1.0
S1 = 5.0
S2 = 9.0

#fitness: 0.05127978253086146