S1 -> S1 + S1; k1*S1
S0 + S2 -> S2; k2*S0*S2
S0 + S1 -> S0 + S0; k3*S0*S1
k1 = 62.095587200514515
k2 = 53.21788938129497
k3 = 30.6965598585789
S0 = 1.0
S1 = 5.0
S2 = 9.0

#fitness: 0.04467454639626113