S1 -> S1 + S1; k1*S1
S0 + S2 -> S2; k2*S0*S2
S0 + S1 -> S0 + S0; k3*S0*S1
k1 = 51.891397070921556
k2 = 73.9178385344743
k3 = 48.876068889848845
S0 = 1.0
S1 = 5.0
S2 = 9.0

#fitness: 0.030597449068922734