S0 + S1 -> S1; k1*S0*S1
S2 -> S2 + S2; k2*S2
S0 + S2 -> S0 + S0; k3*S0*S2
k1 = 10.411358100465113
k2 = 14.482065281559741
k3 = 3.3723633955088452
S0 = 1.0
S1 = 5.0
S2 = 9.0

#fitness: 0.050106220677805104