S1 + S2 -> S1 + S1; k1*S1*S2
S2 -> S2 + S2; k2*S2
S0 + S1 -> S0; k3*S0*S1
k1 = 2.559827430959413
k2 = 40.73943791017497
k3 = 18.5625331940358
S0 = 1.0
S1 = 5.0
S2 = 9.0

#fitness: 0.051892689152677696