S0 + S2 -> S0; k1*S0*S2
S1 -> S1 + S1; k2*S1
S1 + S2 -> S2 + S2; k3*S1*S2
k1 = 17.82496739732234
k2 = 39.532939247966716
k3 = 2.326441219300824
S0 = 1.0
S1 = 5.0
S2 = 9.0

#fitness: 0.04088438293154252