S1 + S2 -> S1 + S1; k1*S1*S2
S2 -> S2 + S2; k2*S2
S0 + S1 -> S0; k3*S0*S1
k1 = 4.08502285579937
k2 = 46.06301320849051
k3 = 16.28231720966916
S0 = 1.0
S1 = 5.0
S2 = 9.0

#fitness: 0.013895950111978417