S0 -> S0 + S0; k1*S0
S0 + S1 -> S1 + S1; k2*S0*S1
S1 + S2 -> S2; k3*S1*S2
k1 = 70.10406132423878
k2 = 31.121127972419607
k3 = 39.61295073886257
S0 = 1.0
S1 = 5.0
S2 = 9.0

#fitness: 0.011805699307098327