S1 -> S1 + S1; k1*S1
S0 + S2 -> S2; k2*S0*S2
S0 + S1 -> S0 + S0; k3*S0*S1
k1 = 46.97157374548976
k2 = 48.94726934611772
k3 = 12.07797706482887
S0 = 1.0
S1 = 5.0
S2 = 9.0

#fitness: 0.07473023228917751