S0 + S2 -> S0; k1*S0*S2
S1 -> S1 + S1; k2*S1
S1 + S2 -> S2 + S2; k3*S1*S2
k1 = 27.94910203057842
k2 = 25.707752073104455
k3 = 1.8921784135088466
S0 = 1.0
S1 = 5.0
S2 = 9.0

#fitness: 0.07956463619037268