S1 + S2 -> S1 + S1; k1*S1*S2
S2 -> S2 + S2; k2*S2
S0 + S1 -> S0; k3*S0*S1
k1 = 2.1709632498330746
k2 = 44.657785321545525
k3 = 19.817675065925233
S0 = 1.0
S1 = 5.0
S2 = 9.0

#fitness: 0.1838589302928068