S1 + S2 -> S1 + S1; k1*S1*S2
S2 -> S2 + S2; k2*S2
S0 + S1 -> S0; k3*S0*S1
k1 = 2.845256700153872
k2 = 58.10105432443943
k3 = 16.7638392709117
S0 = 1.0
S1 = 5.0
S2 = 9.0

#fitness: 0.06458163132823545