S1 + S2 -> S1 + S1; k1*S1*S2
S2 -> S2 + S2; k2*S2
S0 + S1 -> S0; k3*S0*S1
k1 = 1.994301634996022
k2 = 29.812195375146235
k3 = 25.390306335294493
S0 = 1.0
S1 = 5.0
S2 = 9.0

#fitness: 0.1142188799594853