S0 -> S0 + S0; k1*S0
S0 + S1 -> S1 + S1; k2*S0*S1
S1 + S2 -> S2; k3*S1*S2
k1 = 47.09083459736357
k2 = 31.115483703363232
k3 = 42.15141692173148
S0 = 1.0
S1 = 5.0
S2 = 9.0

#fitness: 0.01933817018413369