S0 -> S0 + S0; k1*S0
S0 + S1 -> S1 + S1; k2*S0*S1
S1 + S2 -> S2; k3*S1*S2
k1 = 52.849078025034416
k2 = 16.260581552804755
k3 = 37.74252902781768
S0 = 1.0
S1 = 5.0
S2 = 9.0

#fitness: 0.010489104450284427