S1 -> S1 + S1; k1*S1
S0 + S2 -> S2; k2*S0*S2
S0 + S1 -> S0 + S0; k3*S0*S1
k1 = 39.17434924113026
k2 = 27.940357655346467
k3 = 16.894849874477444
S0 = 1.0
S1 = 5.0
S2 = 9.0

#fitness: 0.05159734311422571