S1 -> S1 + S1; k1*S1
S0 + S1 -> S0 + S0; k2*S0*S1
S0 + S2 -> S2; k3*S0*S2
k1 = 41.49455627724521
k2 = 15.315727801005613
k3 = 33.22309544961759
S0 = 1.0
S1 = 5.0
S2 = 9.0

#fitness: 0.10226208397907595