S0 -> S0 + S0; k1*S0
S0 + S1 -> S1 + S1; k2*S0*S1
S1 + S2 -> S2; k3*S1*S2
k1 = 52.81881609755375
k2 = 25.083941167449897
k3 = 40.47716706036391
S0 = 1.0
S1 = 5.0
S2 = 9.0

#fitness: 0.014296880973779418