S1 + S2 -> S1 + S1; k1*S1*S2
S2 -> S2 + S2; k2*S2
S0 + S1 -> S0; k3*S0*S1
k1 = 2.7849963678046983
k2 = 26.58969922835758
k3 = 67.42317082263204
S0 = 1.0
S1 = 5.0
S2 = 9.0

#fitness: 0.015318116211689792