S1 + S2 -> S1 + S1; k1*S1*S2
S2 -> S2 + S2; k2*S2
S0 + S1 -> S0; k3*S0*S1
k1 = 4.03814203646332
k2 = 102.4100105171591
k3 = 14.848787173051289
S0 = 1.0
S1 = 5.0
S2 = 9.0

#fitness: 0.05122005395207073