S0 -> S0 + S0; k1*S0
S0 + S1 -> S1 + S1; k2*S0*S1
S1 + S2 -> S2; k3*S1*S2
k1 = 23.398349417468104
k2 = 5.850540386472059
k3 = 11.504882917460952
S0 = 1.0
S1 = 5.0
S2 = 9.0

#fitness: 0.01600315054930572