S0 + S2 -> S0; k1*S0*S2
S1 -> S1 + S1; k2*S1
S1 + S2 -> S2 + S2; k3*S1*S2
k1 = 27.27862283489056
k2 = 25.55664890682116
k3 = 1.98195279298193
S0 = 1.0
S1 = 5.0
S2 = 9.0

#fitness: 0.05002559395289284