S0 + S2 -> S0; k1*S0*S2
S1 -> S1 + S1; k2*S1
S1 + S2 -> S2 + S2; k3*S1*S2
k1 = 120.67166527380384
k2 = 15.759474097555621
k3 = 4.1284089886153685
S0 = 1.0
S1 = 5.0
S2 = 9.0

#fitness: 0.06870069758375628