S1 -> S1 + S1; k1*S1
S0 + S2 -> S2; k2*S0*S2
S0 + S1 -> S0 + S0; k3*S0*S1
k1 = 28.47008276791946
k2 = 61.025500883013656
k3 = 41.671410354909796
S0 = 1.0
S1 = 5.0
S2 = 9.0

#fitness: 0.021683032282156484