S0 + S1 -> S1; k1*S0*S1
S0 + S2 -> S0 + S0; k2*S0*S2
S2 -> S2 + S2; k3*S2
k1 = 34.382995885237314
k2 = 10.838994024738438
k3 = 40.81014147856442
S0 = 1.0
S1 = 5.0
S2 = 9.0

#fitness: 0.04533320338581762