S1 + S2 -> S1 + S1; k1*S1*S2
S0 + S2 -> S2 + S2; k2*S0*S2
S0 + S1 -> S0 + S0; k3*S0*S1
k1 = 15.659645336102502
k2 = 5.138657054434015
k3 = 48.62350485082251
S0 = 1.0
S1 = 5.0
S2 = 9.0

#fitness: 0.011455654484944745