S0 + S1 -> S1; k1*S0*S1
S2 -> S2 + S2; k2*S2
S0 + S2 -> S0 + S0; k3*S0*S2
k1 = 107.08962528826689
k2 = 26.58025046477681
k3 = 23.70661722354752
S0 = 1.0
S1 = 5.0
S2 = 9.0

#fitness: 0.029115562274913888