S1 -> S1 + S1; k1*S1
S0 + S2 -> S2; k2*S0*S2
S0 + S1 -> S0 + S0; k3*S0*S1
k1 = 39.38759732778865
k2 = 30.741632144295092
k3 = 16.69489533319266
S0 = 1.0
S1 = 5.0
S2 = 9.0

#fitness: 0.05167618067300488