S1 + S2 -> S1 + S1; k1*S1*S2
S2 -> S2 + S2; k2*S2
S0 + S1 -> S0; k3*S0*S1
k1 = 3.345441766419396
k2 = 96.12575752190804
k3 = 15.960108450278042
S0 = 1.0
S1 = 5.0
S2 = 9.0

#fitness: 0.06007592398664282