S1 -> S1 + S1; k1*S1
S0 + S2 -> S2; k2*S0*S2
S0 + S1 -> S0 + S0; k3*S0*S1
k1 = 49.50056913063687
k2 = 18.627967102777035
k3 = 12.840191577545477
S0 = 1.0
S1 = 5.0
S2 = 9.0

#fitness: 0.05334406082579642