S1 + S2 -> S1 + S1; k1*S1*S2
S2 -> S2 + S2; k2*S2
S0 + S1 -> S0; k3*S0*S1
k1 = 2.3932201248474625
k2 = 45.37478061329308
k3 = 18.553130522982674
S0 = 1.0
S1 = 5.0
S2 = 9.0

#fitness: 0.06469550390488912