S1 + S2 -> S1 + S1; k1*S1*S2
S2 -> S2 + S2; k2*S2
S0 + S1 -> S0; k3*S0*S1
k1 = 3.4519001389569555
k2 = 86.25362918916106
k3 = 15.500019740564648
S0 = 1.0
S1 = 5.0
S2 = 9.0

#fitness: 0.068521356552098