S0 -> S0 + S0; k1*S0
S0 + S1 -> S1 + S1; k2*S0*S1
S1 + S2 -> S2; k3*S1*S2
k1 = 41.714514565170106
k2 = 2.579858795833066
k3 = 2.8592490248161053
S0 = 1.0
S1 = 5.0
S2 = 9.0

#fitness: 0.10326405947729493