S0 -> S0 + S0; k1*S0
S0 + S1 -> S1 + S1; k2*S0*S1
S1 + S2 -> S2; k3*S1*S2
k1 = 34.23096572954901
k2 = 3.330665846002769
k3 = 3.1845010348808644
S0 = 1.0
S1 = 5.0
S2 = 9.0

#fitness: 0.03742178378235137