S0 + S2 -> S0; k1*S0*S2
S1 -> S1 + S1; k2*S1
S1 + S2 -> S2 + S2; k3*S1*S2
k1 = 37.6705850180228
k2 = 22.116059879942252
k3 = 2.5367312914197977
S0 = 1.0
S1 = 5.0
S2 = 9.0

#fitness: 0.052673092448377555