S1 + S2 -> S1 + S1; k1*S1*S2
S2 -> S2 + S2; k2*S2
S0 + S1 -> S0; k3*S0*S1
k1 = 11.528145189993563
k2 = 252.59261462218478
k3 = 45.150099634402
S0 = 1.0
S1 = 5.0
S2 = 9.0

#fitness: 0.05103267329800167