S1 + S2 -> S1 + S1; k1*S1*S2
S2 -> S2 + S2; k2*S2
S0 + S1 -> S0; k3*S0*S1
k1 = 2.7580522709976467
k2 = 60.44928859364727
k3 = 16.85026043454988
S0 = 1.0
S1 = 5.0
S2 = 9.0

#fitness: 0.08913646062105259