S1 + S2 -> S1 + S1; k1*S1*S2
S2 -> S2 + S2; k2*S2
S0 + S1 -> S0; k3*S0*S1
k1 = 5.854364583644068
k2 = 100.99747780692826
k3 = 71.13902973305683
S0 = 1.0
S1 = 5.0
S2 = 9.0

#fitness: 0.099872760190364