S0 + S1 -> S1; k1*S0*S1
S2 -> S2 + S2; k2*S2
S0 + S2 -> S0 + S0; k3*S0*S2
k1 = 8.819679092456196
k2 = 16.744802419346975
k3 = 3.074160788595944
S0 = 1.0
S1 = 5.0
S2 = 9.0

#fitness: 0.04717386726820785