S1 + S2 -> S1 + S1; k1*S1*S2
S2 -> S2 + S2; k2*S2
S0 + S1 -> S0; k3*S0*S1
k1 = 9.434710675453022
k2 = 156.59064798690395
k3 = 50.559603769777326
S0 = 1.0
S1 = 5.0
S2 = 9.0

#fitness: 0.04360223227010905