S1 -> S1 + S1; k1*S1
S0 + S2 -> S2; k2*S0*S2
S0 + S1 -> S0 + S0; k3*S0*S1
k1 = 36.1684332663264
k2 = 39.974605073669565
k3 = 21.254126686721676
S0 = 1.0
S1 = 5.0
S2 = 9.0

#fitness: 0.042849653661910514