S1 + S2 -> S1 + S1; k1*S1*S2
S2 -> S2 + S2; k2*S2
S0 + S1 -> S0; k3*S0*S1
k1 = 5.67635002297393
k2 = 101.20040993314099
k3 = 71.04563947185372
S0 = 1.0
S1 = 5.0
S2 = 9.0

#fitness: 0.06000132964465023