S1 + S2 -> S1 + S1; k1*S1*S2
S2 -> S2 + S2; k2*S2
S0 + S1 -> S0; k3*S0*S1
k1 = 6.323641507307814
k2 = 97.60631000009059
k3 = 12.807851030510635
S0 = 1.0
S1 = 5.0
S2 = 9.0

#fitness: 0.021373408772382602