S1 + S2 -> S1 + S1; k1*S1*S2
S0 + S1 -> S0; k2*S0*S1
S2 -> S2 + S2; k3*S2
k1 = 7.7146922070723685
k2 = 54.47902305832397
k3 = 145.39244324285204
S0 = 1.0
S1 = 5.0
S2 = 9.0

#fitness: 0.07978494665398377