S0 -> S0 + S0; k1*S0
S0 + S2 -> S2 + S2; k2*S0*S2
S1 + S2 -> S1; k3*S1*S2
k1 = 43.70232396543839
k2 = 5.5523264525704565
k3 = 10.63172293523151
S0 = 1.0
S1 = 5.0
S2 = 9.0

#fitness: 0.01217631036103501