S0 -> S0 + S0; k1*S0
S0 + S1 -> S1 + S1; k2*S0*S1
S1 + S2 -> S2; k3*S1*S2
k1 = 74.1241359502124
k2 = 13.606581294669256
k3 = 20.673689377902516
S0 = 1.0
S1 = 5.0
S2 = 9.0

#fitness: 0.019097110939549553