S1 + S2 -> S1 + S1; k1*S1*S2
S2 -> S2 + S2; k2*S2
S0 + S1 -> S0; k3*S0*S1
k1 = 10.307447236663242
k2 = 130.18578796791647
k3 = 136.67554945702207
S0 = 1.0
S1 = 5.0
S2 = 9.0

#fitness: 0.055216479501726805