S1 -> S1 + S1; k1*S1
S0 + S2 -> S2; k2*S0*S2
S0 + S1 -> S0 + S0; k3*S0*S1
k1 = 37.117743794069874
k2 = 32.76986258024632
k3 = 18.593380008884523
S0 = 1.0
S1 = 5.0
S2 = 9.0

#fitness: 0.0383431798343192