S1 + S2 -> S1 + S1; k1*S1*S2
S2 -> S2 + S2; k2*S2
S0 + S1 -> S0; k3*S0*S1
k1 = 8.623592128727456
k2 = 137.0944323198496
k3 = 54.04756779625351
S0 = 1.0
S1 = 5.0
S2 = 9.0

#fitness: 0.04414718420560911