S1 + S2 -> S1 + S1; k1*S1*S2
S2 -> S2 + S2; k2*S2
S0 + S1 -> S0; k3*S0*S1
k1 = 5.580252378056929
k2 = 66.54101148819575
k3 = 102.9971038590236
S0 = 1.0
S1 = 5.0
S2 = 9.0

#fitness: 0.04677285952176722