S0 + S2 -> S0 + S1; k1*S0*S2
S2 -> S1 + S2; k2*S2
S0 + S1 -> S0; k3*S0*S1
k1 = 36.62851941361198
k2 = 87.97855326909334
k3 = 1.5959057061941504
S0 = 1.0
S1 = 5.0
S2 = 9.0

#fitness: 0.009014690860092602