S1 -> S1 + S1; k1*S1
S0 + S1 -> S0 + S0; k2*S0*S1
S0 + S2 -> S2; k3*S0*S2
k1 = 32.662629084168735
k2 = 28.275923252487935
k3 = 49.80760305264496
S0 = 1.0
S1 = 5.0
S2 = 9.0

#fitness: 0.028864407144420092