S1 -> S1 + S1; k1*S1
S0 + S2 -> S2; k2*S0*S2
S0 + S1 -> S0 + S0; k3*S0*S1
k1 = 89.74286423671055
k2 = 64.28870610449253
k3 = 39.04243906788756
S0 = 1.0
S1 = 5.0
S2 = 9.0

#fitness: 0.039408664416383514