S1 -> S1 + S1; k1*S1
S0 + S2 -> S2; k2*S0*S2
S0 + S1 -> S0 + S0; k3*S0*S1
k1 = 43.16669630035442
k2 = 26.301824174069395
k3 = 13.710181385493149
S0 = 1.0
S1 = 5.0
S2 = 9.0

#fitness: 0.05141718132928576