S1 -> S1 + S1; k1*S1
S0 + S2 -> S2; k2*S0*S2
S0 + S1 -> S0 + S0; k3*S0*S1
k1 = 48.36720156055208
k2 = 18.56814327040741
k3 = 13.39750750123027
S0 = 1.0
S1 = 5.0
S2 = 9.0

#fitness: 0.15041507269278082