S1 + S2 -> S1 + S1; k1*S1*S2
S2 -> S2 + S2; k2*S2
S0 + S1 -> S0; k3*S0*S1
k1 = 1.9166353731800305
k2 = 27.54892713557806
k3 = 26.441020808452404
S0 = 1.0
S1 = 5.0
S2 = 9.0

#fitness: 0.05850095402095967