S1 + S2 -> S1 + S1; k1*S1*S2
S2 -> S2 + S2; k2*S2
S0 + S1 -> S0; k3*S0*S1
k1 = 10.811817537004234
k2 = 130.21040086042154
k3 = 130.4429585557556
S0 = 1.0
S1 = 5.0
S2 = 9.0

#fitness: 0.017902165746240213