S1 + S2 -> S1 + S1; k1*S1*S2
S2 -> S2 + S2; k2*S2
S0 + S1 -> S0; k3*S0*S1
k1 = 2.8696460499693823
k2 = 90.48604842555056
k3 = 16.79751018179578
S0 = 1.0
S1 = 5.0
S2 = 9.0

#fitness: 0.07185411955245585