S1 -> S1 + S1; k1*S1
S0 + S2 -> S0; k2*S0*S2
S1 + S2 -> S2 + S2; k3*S1*S2
k1 = 16.21595484760854
k2 = 91.40911335915345
k3 = 3.3225095454674918
S0 = 1.0
S1 = 5.0
S2 = 9.0

#fitness: 0.07587022449770377