S0 + S1 -> S0; k1*S0*S1
S2 -> S1 + S1; k2*S2
S2 -> S1 + S2; k3*S2
k1 = 1.6235251744548183
k2 = 28.035429203643652
k3 = 40.8325524227707
S0 = 1.0
S1 = 5.0
S2 = 9.0

#fitness: 0.008992336606976122