S1 + S2 -> S1 + S1; k1*S1*S2
S2 -> S2 + S2; k2*S2
S0 + S1 -> S0; k3*S0*S1
k1 = 4.366944140566467
k2 = 82.97838925716053
k3 = 14.203028942801296
S0 = 1.0
S1 = 5.0
S2 = 9.0

#fitness: 0.03177865517102444