S1 + S2 -> S1 + S1; k1*S1*S2
S2 -> S2 + S2; k2*S2
S0 + S1 -> S0; k3*S0*S1
k1 = 2.53745431477091
k2 = 48.514298201481985
k3 = 18.062999041142753
S0 = 1.0
S1 = 5.0
S2 = 9.0

#fitness: 0.09556125544934646