S1 -> S1 + S1; k1*S1
S0 + S2 -> S2; k2*S0*S2
S0 + S1 -> S0 + S0; k3*S0*S1
k1 = 78.26648782498786
k2 = 15.173839778196847
k3 = 6.626243502158343
S0 = 1.0
S1 = 5.0
S2 = 9.0

#fitness: 0.022186247752237206