S1 + S2 -> S1 + S1; k1*S1*S2
S2 -> S2 + S2; k2*S2
S0 + S1 -> S0; k3*S0*S1
k1 = 15.610480465581148
k2 = 374.23923733080227
k3 = 42.386383142338445
S0 = 1.0
S1 = 5.0
S2 = 9.0

#fitness: 0.060385480675444955