S1 -> S1 + S1; k1*S1
S0 + S2 -> S2; k2*S0*S2
S0 + S1 -> S0 + S0; k3*S0*S1
k1 = 44.15926011266254
k2 = 60.64463910326691
k3 = 54.98755774749317
S0 = 1.0
S1 = 5.0
S2 = 9.0

#fitness: 0.012661825958276553