S1 + S2 -> S1 + S1; k1*S1*S2
S2 -> S2 + S2; k2*S2
S0 + S1 -> S0; k3*S0*S1
k1 = 3.8783382850343293
k2 = 101.91729460896792
k3 = 15.135635633852296
S0 = 1.0
S1 = 5.0
S2 = 9.0

#fitness: 0.06250851287311417