S0 -> S0 + S0; k1*S0
S0 + S1 -> S1 + S1; k2*S0*S1
S1 + S2 -> S2; k3*S1*S2
k1 = 68.01630154561161
k2 = 18.811835660055678
k3 = 23.11673474883002
S0 = 1.0
S1 = 5.0
S2 = 9.0

#fitness: 0.016901532683267512