S1 + S2 -> S1 + S1; k1*S1*S2
S2 -> S2 + S2; k2*S2
S0 + S1 -> S0; k3*S0*S1
k1 = 2.326144765684983
k2 = 33.69637587689467
k3 = 21.800188950047893
S0 = 1.0
S1 = 5.0
S2 = 9.0

#fitness: 0.06640457988059023