S1 + S2 -> S1 + S1; k1*S1*S2
S2 -> S2 + S2; k2*S2
S0 + S1 -> S0; k3*S0*S1
k1 = 2.1135810631168375
k2 = 35.860203187110876
k3 = 22.0551025325676
S0 = 1.0
S1 = 5.0
S2 = 9.0

#fitness: 0.21830186043560906