S1 + S2 -> S1 + S1; k1*S1*S2
S2 -> S2 + S2; k2*S2
S0 + S1 -> S0; k3*S0*S1
k1 = 3.6592394836131925
k2 = 45.997205882889105
k3 = 4.357886276738565
S0 = 1.0
S1 = 5.0
S2 = 9.0

#fitness: 0.01057569914690095