S1 -> S1 + S1; k1*S1
S0 + S2 -> S2; k2*S0*S2
S0 + S1 -> S0 + S0; k3*S0*S1
k1 = 38.34873861334478
k2 = 35.9213714175791
k3 = 18.091776581130954
S0 = 1.0
S1 = 5.0
S2 = 9.0

#fitness: 0.05002121583102278