S1 + S2 -> S1 + S1; k1*S1*S2
S2 -> S2 + S2; k2*S2
S0 + S1 -> S0; k3*S0*S1
k1 = 5.029428108267858
k2 = 102.54863375977938
k3 = 13.77199556140964
S0 = 1.0
S1 = 5.0
S2 = 9.0

#fitness: 0.033488944127905346