S0 + S1 -> S1; k1*S0*S1
S2 -> S2 + S2; k2*S2
S0 + S2 -> S0 + S0; k3*S0*S2
k1 = 24.415099393127715
k2 = 65.20067790251568
k3 = 7.955609580781465
S0 = 1.0
S1 = 5.0
S2 = 9.0

#fitness: 0.04003184043228015