S1 + S2 -> S1 + S1; k1*S1*S2
S2 -> S2 + S2; k2*S2
S0 + S1 -> S0; k3*S0*S1
k1 = 5.588131036197714
k2 = 67.75916693090005
k3 = 101.91716275965342
S0 = 1.0
S1 = 5.0
S2 = 9.0

#fitness: 0.0467957169149497