S0 -> S0 + S0; k1*S0
S0 + S1 -> S1 + S1; k2*S0*S1
S1 + S2 -> S2; k3*S1*S2
k1 = 8.655250573861629
k2 = 25.664503213253763
k3 = 30.321969351900336
S0 = 1.0
S1 = 5.0
S2 = 9.0

#fitness: 0.010790288911306458