S0 + S1 -> S1; k1*S0*S1
S0 + S2 -> S0 + S0; k2*S0*S2
S2 -> S2 + S2; k3*S2
k1 = 48.26039201543113
k2 = 13.213849961901069
k3 = 32.5835937925381
S0 = 1.0
S1 = 5.0
S2 = 9.0

#fitness: 0.03909796429859522