S1 + S2 -> S1 + S1; k1*S1*S2
S2 -> S2 + S2; k2*S2
S0 + S1 -> S0; k3*S0*S1
k1 = 2.878704619914422
k2 = 13.572965502054121
k3 = 58.526967564916035
S0 = 1.0
S1 = 5.0
S2 = 9.0

#fitness: 0.037200807857797405