S1 + S2 -> S1 + S1; k1*S1*S2
S2 -> S2 + S2; k2*S2
S0 + S1 -> S0; k3*S0*S1
k1 = 2.1231391944785662
k2 = 31.247513742921527
k3 = 22.590466374012315
S0 = 1.0
S1 = 5.0
S2 = 9.0

#fitness: 0.08203612386501188