S1 + S2 -> S1 + S1; k1*S1*S2
S2 -> S2 + S2; k2*S2
S0 + S1 -> S0; k3*S0*S1
k1 = 2.9021046012253096
k2 = 74.82059871228026
k3 = 16.345877896169636
S0 = 1.0
S1 = 5.0
S2 = 9.0

#fitness: 0.10691707498523091