S1 -> S1 + S1; k1*S1
S0 + S2 -> S2; k2*S0*S2
S0 + S1 -> S0 + S0; k3*S0*S1
k1 = 67.32803884704086
k2 = 45.1919438911142
k3 = 25.789590761560003
S0 = 1.0
S1 = 5.0
S2 = 9.0

#fitness: 0.03723834085601794