S0 -> S0 + S0; k1*S0
S0 + S2 -> S2 + S2; k2*S0*S2
S1 + S2 -> S1; k3*S1*S2
k1 = 70.4736719207747
k2 = 20.223833275194767
k3 = 43.05188353261616
S0 = 1.0
S1 = 5.0
S2 = 9.0

#fitness: 0.014291011283157346