S1 -> S1 + S1; k1*S1
S0 + S1 -> S0 + S0; k2*S0*S1
S0 + S2 -> S2; k3*S0*S2
k1 = 53.74692588795644
k2 = 38.95143421152212
k3 = 58.48905835355706
S0 = 1.0
S1 = 5.0
S2 = 9.0

#fitness: 0.02116935837156255