S1 + S2 -> S1 + S1; k1*S1*S2
S2 -> S2 + S2; k2*S2
S0 + S1 -> S0; k3*S0*S1
k1 = 3.3104357535448994
k2 = 75.47412217973309
k3 = 15.531535789225751
S0 = 1.0
S1 = 5.0
S2 = 9.0

#fitness: 0.053862396306557044