S1 + S2 -> S1 + S1; k1*S1*S2
S2 -> S2 + S2; k2*S2
S0 + S1 -> S0; k3*S0*S1
k1 = 4.05203598744335
k2 = 100.48629369235056
k3 = 14.83187945230267
S0 = 1.0
S1 = 5.0
S2 = 9.0

#fitness: 0.05632094414921658