S1 + S2 -> S1 + S1; k1*S1*S2
S2 -> S2 + S2; k2*S2
S0 + S1 -> S0; k3*S0*S1
k1 = 2.565519947055012
k2 = 57.61122232864164
k3 = 17.597360861836993
S0 = 1.0
S1 = 5.0
S2 = 9.0

#fitness: 0.09603346591716752