S0 -> S0 + S0; k1*S0
S0 + S1 -> S1 + S1; k2*S0*S1
S1 + S2 -> S2; k3*S1*S2
k1 = 30.434647958488178
k2 = 11.469705445664394
k3 = 20.10180097236203
S0 = 1.0
S1 = 5.0
S2 = 9.0

#fitness: 0.013078539401282285