S1 + S2 -> S1 + S1; k1*S1*S2
S2 -> S2 + S2; k2*S2
S0 + S1 -> S0; k3*S0*S1
k1 = 2.652557435834008
k2 = 38.08433951894248
k3 = 18.775415811287285
S0 = 1.0
S1 = 5.0
S2 = 9.0

#fitness: 0.05065209315629021