S1 + S2 -> S1 + S1; k1*S1*S2
S2 -> S2 + S2; k2*S2
S0 + S1 -> S0; k3*S0*S1
k1 = 3.2165213611770147
k2 = 65.24559103334498
k3 = 15.787160823084868
S0 = 1.0
S1 = 5.0
S2 = 9.0

#fitness: 0.05145070983023082