S0 -> S0 + S0; k1*S0
S0 + S1 -> S1 + S1; k2*S0*S1
S1 + S2 -> S2; k3*S1*S2
k1 = 31.982061750095763
k2 = 10.93390220956793
k3 = 11.8123804349277
S0 = 1.0
S1 = 5.0
S2 = 9.0

#fitness: 0.012865276444171911