S1 + S2 -> S1 + S1; k1*S1*S2
S2 -> S2 + S2; k2*S2
S0 + S1 -> S0; k3*S0*S1
k1 = 6.311282973790676
k2 = 115.72354350575263
k3 = 62.85649344074033
S0 = 1.0
S1 = 5.0
S2 = 9.0

#fitness: 0.06677701848505681