S0 -> S0 + S0; k1*S0
S0 + S2 -> S2 + S2; k2*S0*S2
S1 + S2 -> S1; k3*S1*S2
k1 = 25.899169139838598
k2 = 3.4094169145576667
k3 = 22.9379594444605
S0 = 1.0
S1 = 5.0
S2 = 9.0

#fitness: 0.019709658140359236