S1 + S2 -> S1 + S1; k1*S1*S2
S2 -> S2 + S2; k2*S2
S0 + S1 -> S0; k3*S0*S1
k1 = 3.0114987384658174
k2 = 71.24096607556426
k3 = 16.040285133853125
S0 = 1.0
S1 = 5.0
S2 = 9.0

#fitness: 0.05939991922850131