S1 + S2 -> S1 + S1; k1*S1*S2
S2 -> S2 + S2; k2*S2
S0 + S1 -> S0; k3*S0*S1
k1 = 1.9653470931003398
k2 = 32.79052081837307
k3 = 24.10980525927731
S0 = 1.0
S1 = 5.0
S2 = 9.0

#fitness: 0.08353100048961727