S1 + S2 -> S1 + S1; k1*S1*S2
S2 -> S2 + S2; k2*S2
S0 + S1 -> S0; k3*S0*S1
k1 = 6.237066852470173
k2 = 131.86223087626706
k3 = 60.58671172648987
S0 = 1.0
S1 = 5.0
S2 = 9.0

#fitness: 0.09416044948759207