S1 -> S1 + S1; k1*S1
S0 + S2 -> S0; k2*S0*S2
S1 + S2 -> S2 + S2; k3*S1*S2
k1 = 21.723850348010725
k2 = 35.87731235731019
k3 = 2.4035837022175985
S0 = 1.0
S1 = 5.0
S2 = 9.0

#fitness: 0.09376358601322406