S0 + S1 -> S0; k1*S0*S1
S1 + S2 -> S1 + S1; k2*S1*S2
S2 -> S2 + S2; k3*S2
k1 = 15.619978544431454
k2 = 3.32610999840066
k3 = 75.38765695513256
S0 = 1.0
S1 = 5.0
S2 = 9.0

#fitness: 0.05636473646924929