S1 + S2 -> S1 + S1; k1*S1*S2
S2 -> S2 + S2; k2*S2
S0 + S1 -> S0; k3*S0*S1
k1 = 2.7058193678887807
k2 = 43.94126663921726
k3 = 17.841526613737045
S0 = 1.0
S1 = 5.0
S2 = 9.0

#fitness: 0.05741587428602956