S1 + S2 -> S1 + S1; k1*S1*S2
S2 -> S2 + S2; k2*S2
S0 + S1 -> S0; k3*S0*S1
k1 = 9.344482855789598
k2 = 100.3497899946865
k3 = 62.80426446886451
S0 = 1.0
S1 = 5.0
S2 = 9.0

#fitness: 0.01338746182514694