S0 + S2 -> S0; k1*S0*S2
S1 -> S1 + S1; k2*S1
S1 + S2 -> S2 + S2; k3*S1*S2
k1 = 54.59905768082417
k2 = 17.899448186265527
k3 = 2.80471725896431
S0 = 1.0
S1 = 5.0
S2 = 9.0

#fitness: 0.06641414858463957