S0 + S2 -> S0; k1*S0*S2
S1 -> S1 + S1; k2*S1
S1 + S2 -> S2 + S2; k3*S1*S2
k1 = 12.922451084050229
k2 = 70.89801808312414
k3 = 2.9371296385484387
S0 = 1.0
S1 = 5.0
S2 = 9.0

#fitness: 0.037314890748975746