S1 + S2 -> S1 + S1; k1*S1*S2
S2 -> S2 + S2; k2*S2
S0 + S1 -> S0; k3*S0*S1
k1 = 13.564734319007933
k2 = 226.9989497036799
k3 = 90.00806436970885
S0 = 1.0
S1 = 5.0
S2 = 9.0

#fitness: 0.08764624306817612