S1 + S2 -> S1 + S1; k1*S1*S2
S2 -> S2 + S2; k2*S2
S0 + S1 -> S0; k3*S0*S1
k1 = 6.752388263951934
k2 = 129.0132175191679
k3 = 59.31393225401848
S0 = 1.0
S1 = 5.0
S2 = 9.0

#fitness: 0.13992667311534782