S1 + S2 -> S1 + S1; k1*S1*S2
S2 -> S2 + S2; k2*S2
S0 + S1 -> S0; k3*S0*S1
k1 = 3.6537553472639774
k2 = 87.4666379819098
k3 = 15.063493390202542
S0 = 1.0
S1 = 5.0
S2 = 9.0

#fitness: 0.050452830048037696