S1 + S2 -> S1 + S1; k1*S1*S2
S2 -> S2 + S2; k2*S2
S0 + S1 -> S0; k3*S0*S1
k1 = 2.3230852853951913
k2 = 33.13939003051087
k3 = 20.908607444804147
S0 = 1.0
S1 = 5.0
S2 = 9.0

#fitness: 0.07197585752293495