S1 -> S1 + S1; k1*S1
S0 + S2 -> S2; k2*S0*S2
S0 + S1 -> S0 + S0; k3*S0*S1
k1 = 33.00603873966558
k2 = 57.95965931851142
k3 = 30.49232745540627
S0 = 1.0
S1 = 5.0
S2 = 9.0

#fitness: 0.033584773160118514