S1 + S2 -> S1 + S1; k1*S1*S2
S2 -> S2 + S2; k2*S2
S0 + S1 -> S0; k3*S0*S1
k1 = 2.5038556227597213
k2 = 42.696866507399285
k3 = 18.85923044773757
S0 = 1.0
S1 = 5.0
S2 = 9.0

#fitness: 0.07278533856590849