S1 + S2 -> S1 + S1; k1*S1*S2
S2 -> S2 + S2; k2*S2
S0 + S1 -> S0; k3*S0*S1
k1 = 2.8545585193629104
k2 = 13.431914770623615
k3 = 61.22978998459896
S0 = 1.0
S1 = 5.0
S2 = 9.0

#fitness: 0.04108675665438426