S1 + S2 -> S1 + S1; k1*S1*S2
S2 -> S2 + S2; k2*S2
S0 + S1 -> S0; k3*S0*S1
k1 = 2.4990955978296823
k2 = 45.894929275882646
k3 = 18.299125773233406
S0 = 1.0
S1 = 5.0
S2 = 9.0

#fitness: 0.09153664276152919