S1 -> S1 + S1; k1*S1
S0 + S2 -> S2; k2*S0*S2
S0 + S1 -> S0 + S0; k3*S0*S1
k1 = 29.49338904074589
k2 = 54.458270890688404
k3 = 35.628247598633706
S0 = 1.0
S1 = 5.0
S2 = 9.0

#fitness: 0.021154011642321453