S1 + S2 -> S1 + S1; k1*S1*S2
S2 -> S2 + S2; k2*S2
S0 + S1 -> S0; k3*S0*S1
k1 = 2.3755924907793764
k2 = 17.414370085433916
k3 = 40.50133410560113
S0 = 1.0
S1 = 5.0
S2 = 9.0

#fitness: 0.04055009422816375