S1 + S2 -> S1 + S1; k1*S1*S2
S2 -> S2 + S2; k2*S2
S0 + S1 -> S0; k3*S0*S1
k1 = 6.274484401157078
k2 = 126.38407700672225
k3 = 60.70306309314267
S0 = 1.0
S1 = 5.0
S2 = 9.0

#fitness: 0.06183161531609123