S1 + S2 -> S1 + S1; k1*S1*S2
S2 -> S2 + S2; k2*S2
S0 + S1 -> S0; k3*S0*S1
k1 = 2.5384070981984226
k2 = 44.00443289970519
k3 = 18.28555635754811
S0 = 1.0
S1 = 5.0
S2 = 9.0

#fitness: 0.06820759101861087