S1 + S2 -> S1 + S1; k1*S1*S2
S2 -> S2 + S2; k2*S2
S0 + S1 -> S0; k3*S0*S1
k1 = 6.9570295199914405
k2 = 114.16915886701106
k3 = 62.69450411919197
S0 = 1.0
S1 = 5.0
S2 = 9.0

#fitness: 0.06568971210917258