S0 + S1 -> S1; k1*S0*S1
S2 -> S2 + S2; k2*S2
S0 + S2 -> S0 + S0; k3*S0*S2
k1 = 53.36176893866313
k2 = 9.045242075093554
k3 = 11.543884688717842
S0 = 1.0
S1 = 5.0
S2 = 9.0

#fitness: 0.024965580027737008