S1 + S2 -> S1 + S1; k1*S1*S2
S2 -> S2 + S2; k2*S2
S0 + S1 -> S0; k3*S0*S1
k1 = 2.228230439897666
k2 = 47.75660628753056
k3 = 18.988872483703663
S0 = 1.0
S1 = 5.0
S2 = 9.0

#fitness: 0.06852480761480649