S1 + S2 -> S1 + S1; k1*S1*S2
S2 -> S2 + S2; k2*S2
S0 + S1 -> S0; k3*S0*S1
k1 = 2.6415030580007874
k2 = 63.07232218684007
k3 = 17.174532189688414
S0 = 1.0
S1 = 5.0
S2 = 9.0

#fitness: 0.06938499483619166