S1 -> S1 + S1; k1*S1
S0 + S2 -> S0; k2*S0*S2
S1 + S2 -> S2 + S2; k3*S1*S2
k1 = 18.145550779425452
k2 = 54.14650654474107
k3 = 2.5207680803154364
S0 = 1.0
S1 = 5.0
S2 = 9.0

#fitness: 0.09522930112836699