S1 + S2 -> S1 + S1; k1*S1*S2
S2 -> S2 + S2; k2*S2
S0 + S1 -> S0; k3*S0*S1
k1 = 2.75484837586984
k2 = 48.01092346480025
k3 = 17.35708907225971
S0 = 1.0
S1 = 5.0
S2 = 9.0

#fitness: 0.05386677186489321