S1 -> S1 + S1; k1*S1
S0 + S2 -> S2; k2*S0*S2
S0 + S1 -> S0 + S0; k3*S0*S1
k1 = 32.24909986707523
k2 = 45.31845232501415
k3 = 27.332796834127745
S0 = 1.0
S1 = 5.0
S2 = 9.0

#fitness: 0.026251746633836857