S1 + S2 -> S1 + S1; k1*S1*S2
S2 -> S2 + S2; k2*S2
S0 + S1 -> S0; k3*S0*S1
k1 = 10.160371996038265
k2 = 194.8333811789406
k3 = 47.58114430792652
S0 = 1.0
S1 = 5.0
S2 = 9.0

#fitness: 0.05545271246730041