S1 + S2 -> S1; k1*S1*S2
S0 -> S0 + S0; k2*S0
S0 + S2 -> S2 + S2; k3*S0*S2
k1 = 26.554200406563652
k2 = 24.52608939351549
k3 = 4.646390104551791
S0 = 1.0
S1 = 5.0
S2 = 9.0

#fitness: 0.015297949881374685