S1 + S2 -> S1 + S1; k1*S1*S2
S2 -> S2 + S2; k2*S2
S0 + S1 -> S0; k3*S0*S1
k1 = 2.527365603211644
k2 = 37.141037268595454
k3 = 19.265386839247874
S0 = 1.0
S1 = 5.0
S2 = 9.0

#fitness: 0.05666512980994888