S1 + S2 -> S1 + S1; k1*S1*S2
S2 -> S2 + S2; k2*S2
S0 + S1 -> S0; k3*S0*S1
k1 = 2.635587496880753
k2 = 39.643733291705146
k3 = 18.750989357374102
S0 = 1.0
S1 = 5.0
S2 = 9.0

#fitness: 0.053439578462243086