S1 -> S1 + S1; k1*S1
S0 + S2 -> S0; k2*S0*S2
S1 + S2 -> S2 + S2; k3*S1*S2
k1 = 17.418820135398605
k2 = 57.86091419686645
k3 = 3.047650477815394
S0 = 1.0
S1 = 5.0
S2 = 9.0

#fitness: 0.050243667689433086