S1 -> S1 + S1; k1*S1
S0 + S2 -> S2; k2*S0*S2
S0 + S1 -> S0 + S0; k3*S0*S1
k1 = 38.1230774374053
k2 = 32.18763414532569
k3 = 17.935901954685367
S0 = 1.0
S1 = 5.0
S2 = 9.0

#fitness: 0.050670153454932594