S0 -> S0 + S0; k1*S0
S0 + S1 -> S1 + S1; k2*S0*S1
S1 + S2 -> S2; k3*S1*S2
k1 = 62.863685031823366
k2 = 26.86339242519705
k3 = 27.399289238323583
S0 = 1.0
S1 = 5.0
S2 = 9.0

#fitness: 0.014804117946783673