S1 + S2 -> S1 + S1; k1*S1*S2
S2 -> S2 + S2; k2*S2
S0 + S1 -> S0; k3*S0*S1
k1 = 2.2617669320594516
k2 = 41.37018617126796
k3 = 20.079858225488326
S0 = 1.0
S1 = 5.0
S2 = 9.0

#fitness: 0.12135669426470355