S1 -> S1 + S1; k1*S1
S0 + S2 -> S2; k2*S0*S2
S0 + S1 -> S0 + S0; k3*S0*S1
k1 = 33.24737010899587
k2 = 41.564142396685426
k3 = 24.897505362913535
S0 = 1.0
S1 = 5.0
S2 = 9.0

#fitness: 0.029080790193938968