S2 -> S1 + S2; k1*S2
S2 -> S1 + S1; k2*S2
S0 + S1 -> S0; k3*S0*S1
k1 = 48.14653041323629
k2 = 34.03066720655789
k3 = 1.610912823283238
S0 = 1.0
S1 = 5.0
S2 = 9.0

#fitness: 0.009009962613721887