S1 + S2 -> S1 + S1; k1*S1*S2
S2 -> S2 + S2; k2*S2
S0 + S1 -> S0; k3*S0*S1
k1 = 2.5891575769863584
k2 = 39.43581048685442
k3 = 18.641603802703727
S0 = 1.0
S1 = 5.0
S2 = 9.0

#fitness: 0.05016954616776413