S1 + S2 -> S1 + S1; k1*S1*S2
S2 -> S2 + S2; k2*S2
S0 + S1 -> S0; k3*S0*S1
k1 = 4.38715976292011
k2 = 113.08068942685564
k3 = 14.706058105149715
S0 = 1.0
S1 = 5.0
S2 = 9.0

#fitness: 0.05371044235517759