S0 + S1 -> S1; k1*S0*S1
S2 -> S2 + S2; k2*S2
S0 + S2 -> S0 + S0; k3*S0*S2
k1 = 5.021543686600077
k2 = 38.719633667535106
k3 = 3.687616247247017
S0 = 1.0
S1 = 5.0
S2 = 9.0

#fitness: 0.018432411401894746