S1 + S2 -> S1 + S1; k1*S1*S2
S2 -> S2 + S2; k2*S2
S0 + S1 -> S0; k3*S0*S1
k1 = 7.5397436749197935
k2 = 123.39396835125105
k3 = 58.38754402202606
S0 = 1.0
S1 = 5.0
S2 = 9.0

#fitness: 0.06708340287324947