S1 + S2 -> S1 + S1; k1*S1*S2
S2 -> S2 + S2; k2*S2
S0 + S1 -> S0; k3*S0*S1
k1 = 2.427906321074895
k2 = 36.21003072599105
k3 = 19.409149960589875
S0 = 1.0
S1 = 5.0
S2 = 9.0

#fitness: 0.05990033431733611