S1 -> S1 + S1; k1*S1
S0 + S2 -> S2; k2*S0*S2
S0 + S1 -> S0 + S0; k3*S0*S1
k1 = 34.30701398968849
k2 = 49.78344565082598
k3 = 25.788722965198847
S0 = 1.0
S1 = 5.0
S2 = 9.0

#fitness: 0.03273230681286096