S1 + S2 -> S1 + S1; k1*S1*S2
S2 -> S2 + S2; k2*S2
S0 + S1 -> S0; k3*S0*S1
k1 = 9.638691632758352
k2 = 140.93467229481755
k3 = 130.12863364723333
S0 = 1.0
S1 = 5.0
S2 = 9.0

#fitness: 0.059504935359842165