S1 -> S1 + S1; k1*S1
S0 + S2 -> S2; k2*S0*S2
S0 + S1 -> S0 + S0; k3*S0*S1
k1 = 75.31108340499668
k2 = 32.64989344275381
k3 = 23.643941985743112
S0 = 1.0
S1 = 5.0
S2 = 9.0

#fitness: 0.05037120990255172