S1 -> S1 + S1; k1*S1
S0 + S2 -> S2; k2*S0*S2
S0 + S1 -> S0 + S0; k3*S0*S1
k1 = 55.88816404897871
k2 = 68.56702371521995
k3 = 40.8539728871452
S0 = 1.0
S1 = 5.0
S2 = 9.0

#fitness: 0.03550076168471784