S1 -> S1 + S1; k1*S1
S0 + S2 -> S2; k2*S0*S2
S0 + S1 -> S0 + S0; k3*S0*S1
k1 = 61.74894630788291
k2 = 76.03642574290568
k3 = 35.695439763075406
S0 = 1.0
S1 = 5.0
S2 = 9.0

#fitness: 0.05639250897574624