S1 + S2 -> S1 + S1; k1*S1*S2
S2 -> S2 + S2; k2*S2
S0 + S1 -> S0; k3*S0*S1
k1 = 8.933455963748601
k2 = 158.5048040658832
k3 = 50.62027338711993
S0 = 1.0
S1 = 5.0
S2 = 9.0

#fitness: 0.05038398256696251