S1 + S2 -> S1 + S1; k1*S1*S2
S2 -> S2 + S2; k2*S2
S0 + S1 -> S0; k3*S0*S1
k1 = 2.3214101427236447
k2 = 17.36517552703074
k3 = 40.09206171546804
S0 = 1.0
S1 = 5.0
S2 = 9.0

#fitness: 0.04299358694472091