S0 + S1 -> S1; k1*S0*S1
S2 -> S2 + S2; k2*S2
S0 + S2 -> S0 + S0; k3*S0*S2
k1 = 37.75660796849098
k2 = 38.3033559524402
k3 = 11.149393334656429
S0 = 1.0
S1 = 5.0
S2 = 9.0

#fitness: 0.03971022805560452