S1 + S2 -> S1 + S1; k1*S1*S2
S2 -> S2 + S2; k2*S2
S0 + S1 -> S0; k3*S0*S1
k1 = 6.645960678463559
k2 = 176.64014337336346
k3 = 12.362578892732484
S0 = 1.0
S1 = 5.0
S2 = 9.0

#fitness: 0.0606406164385517