S1 + S2 -> S1 + S1; k1*S1*S2
S2 -> S2 + S2; k2*S2
S0 + S1 -> S0; k3*S0*S1
k1 = 2.2515323195556167
k2 = 40.19977530926171
k3 = 20.184278488843585
S0 = 1.0
S1 = 5.0
S2 = 9.0

#fitness: 0.18775269551690052