S0 + S1 -> S1; k1*S0*S1
S2 -> S2 + S2; k2*S2
S0 + S2 -> S0 + S0; k3*S0*S2
k1 = 108.7966643334983
k2 = 50.39207531557445
k3 = 24.58783835213345
S0 = 1.0
S1 = 5.0
S2 = 9.0

#fitness: 0.033517606649087484