S1 + S2 -> S1 + S1; k1*S1*S2
S2 -> S2 + S2; k2*S2
S0 + S1 -> S0; k3*S0*S1
k1 = 2.06836561732846
k2 = 59.2932803115083
k3 = 19.093980614597452
S0 = 1.0
S1 = 5.0
S2 = 9.0

#fitness: 0.05527989494788782