S1 + S2 -> S1 + S1; k1*S1*S2
S2 -> S2 + S2; k2*S2
S0 + S1 -> S0; k3*S0*S1
k1 = 3.8002199429387398
k2 = 93.05744317194178
k3 = 14.928816106556194
S0 = 1.0
S1 = 5.0
S2 = 9.0

#fitness: 0.05124896676833003