S0 + S1 -> S1; k1*S0*S1
S2 -> S2 + S2; k2*S2
S0 + S2 -> S0 + S0; k3*S0*S2
k1 = 77.89367775606507
k2 = 6.329627922688838
k3 = 23.34451780284937
S0 = 1.0
S1 = 5.0
S2 = 9.0

#fitness: 0.013211299674728711