S1 + S2 -> S1 + S1; k1*S1*S2
S2 -> S2 + S2; k2*S2
S0 + S1 -> S0; k3*S0*S1
k1 = 10.124130625177584
k2 = 155.89780403045992
k3 = 120.16854084110486
S0 = 1.0
S1 = 5.0
S2 = 9.0

#fitness: 0.05643751317540258