S0 + S1 -> S1; k1*S0*S1
S2 -> S2 + S2; k2*S2
S0 + S2 -> S0 + S0; k3*S0*S2
k1 = 42.25201578649951
k2 = 31.052205868328777
k3 = 15.510270427971056
S0 = 1.0
S1 = 5.0
S2 = 9.0

#fitness: 0.013426955134455609