S1 + S2 -> S1 + S1; k1*S1*S2
S2 -> S2 + S2; k2*S2
S0 + S1 -> S0; k3*S0*S1
k1 = 2.7419415008194754
k2 = 51.55063115746427
k3 = 17.161194241695643
S0 = 1.0
S1 = 5.0
S2 = 9.0

#fitness: 0.054823527826176936