S1 -> S1 + S1; k1*S1
S0 + S2 -> S2; k2*S0*S2
S0 + S1 -> S0 + S0; k3*S0*S1
k1 = 45.884025959019006
k2 = 20.452523595518585
k3 = 13.681527797432878
S0 = 1.0
S1 = 5.0
S2 = 9.0

#fitness: 0.08502233631570535