S1 -> S1 + S1; k1*S1
S0 + S2 -> S0; k2*S0*S2
S1 + S2 -> S2 + S2; k3*S1*S2
k1 = 24.56784359337207
k2 = 29.879635504992333
k3 = 2.1589214053448127
S0 = 1.0
S1 = 5.0
S2 = 9.0

#fitness: 0.12875440272183397