S1 + S2 -> S1 + S1; k1*S1*S2
S2 -> S2 + S2; k2*S2
S0 + S1 -> S0; k3*S0*S1
k1 = 2.465116627467386
k2 = 17.040534701267543
k3 = 41.90180861578536
S0 = 1.0
S1 = 5.0
S2 = 9.0

#fitness: 0.03747892132245397